32
10 25 0
10 35 0
15 35 0
20 75 0
30 75 0
35 35 0
40 35 0
40 25 0
34 25 0
34 30 0
16 30 0
16 25 0
20 35 0
24 70 0
26 70 0
30 35 0

10 25 -5
10 35 -5
15 35 -5
20 75 -5
30 75 -5
35 35 -5
40 35 -5
40 25 -5
34 25 -5
34 30 -5
16 30 -5
16 25 -5
20 35 -5
24 70 -5
26 70 -5
30 35 -5

28
4 12 13 3 2
4 14 15 5 4
4 13 14 4 3
4 10 9 6 1
4 0 11 10 1
4 8 7 6 9

4 18 19 29 28
4 20 21 31 30
4 19 20 30 29
4 17 22 25 26
4 17 26 27 16
4 25 22 23 24

4 3 4 20 19
4 5 6 22 21
4 7 8 24 23
4 9 10 26 25
4 11 0 16 27
4 1 2 18 17

4 0 1 17 16
4 6 7 23 22
4 2 3 19 18
4 4 5 21 20

4 10 11 27 26
4 8 9 25 24

4 13 12 28 29
4 15 14 30 31
4 14 13 29 30
4 12 15 31 28
